1553343279,95,80,1624,2418,2734
1553343281,90,57,1691,1686,2259
1553343283,77,61,1038,1572,2077
1553343285,55,85,1593,2630,2073
1553343287,94,77,1408,1534,2412
1553343289,67,75,1891,2032,2345
1553343291,82,76,1275,2426,2072
1553343293,77,76,1491,2613,2433
1553343295,72,86,1111,2619,2492
1553343297,91,76,1072,2545,2176
1553343299,50,76,1216,2260,2040
1553343301,85,72,1919,2823,2323
1553343303,53,56,1837,1787,2979
1553343305,59,87,1251,2366,2288
1553343307,90,87,1236,2520,2310
1553343309,51,81,1142,2247,2460
1553343311,51,81,1142,2247,2460


